# total 75 indexes
0 0
1 12
2 24
3 36
4 48
5 60
6 72
7 84
8 96
9 108
10 120
11 132
12 144
13 156
14 168
15 180
16 192
17 204
18 216
19 228
20 240
21 252
22 264
23 276
24 288
25 300
26 312
27 324
28 336
29 348
30 360
31 372
32 384
33 396
34 408
35 420
36 432
37 444
38 456
39 468
40 480
41 492
42 504
43 516
44 528
45 540
46 552
47 564
48 576
49 588
50 600
51 612
52 624
53 636
54 648
55 660
56 672
57 684
58 696
59 708
60 720
61 732
62 744
63 756
64 768
65 780
66 792
67 804
68 816
69 828
70 840
71 852
72 864
73 876
74 888
